#reader(lib"read.ss""wxme")WXME0108 ## 
#|
   This file uses the GRacket editor format.
   Open this file in DrRacket version 7.2 or later to read it.

   Most likely, it was created by saving a program in DrRacket,
   and it probably contains a program with non-text elements
   (such as images or comment boxes).

            http://racket-lang.org/
|#
 33 7 #"wxtext\0"
3 1 6 #"wxtab\0"
1 1 8 #"wximage\0"
2 0 8 #"wxmedia\0"
4 1 34 #"(lib \"syntax-browser.ss\" \"mrlib\")\0"
1 0 36 #"(lib \"cache-image-snip.ss\" \"mrlib\")\0"
1 0 68
(
 #"((lib \"image-core.ss\" \"mrlib\") (lib \"image-core-wxme.rkt\" \"mr"
 #"lib\"))\0"
) 1 0 16 #"drscheme:number\0"
3 0 44 #"(lib \"number-snip.ss\" \"drscheme\" \"private\")\0"
1 0 36 #"(lib \"comment-snip.ss\" \"framework\")\0"
1 0 93
(
 #"((lib \"collapsed-snipclass.ss\" \"framework\") (lib \"collapsed-sni"
 #"pclass-wxme.ss\" \"framework\"))\0"
) 0 0 43 #"(lib \"collapsed-snipclass.ss\" \"framework\")\0"
0 0 19 #"drscheme:sexp-snip\0"
0 0 29 #"drscheme:bindings-snipclass%\0"
1 0 101
(
 #"((lib \"ellipsis-snip.rkt\" \"drracket\" \"private\") (lib \"ellipsi"
 #"s-snip-wxme.rkt\" \"drracket\" \"private\"))\0"
) 2 0 88
(
 #"((lib \"pict-snip.rkt\" \"drracket\" \"private\") (lib \"pict-snip.r"
 #"kt\" \"drracket\" \"private\"))\0"
) 0 0 55
#"((lib \"snip.rkt\" \"pict\") (lib \"snip-wxme.rkt\" \"pict\"))\0"
1 0 34 #"(lib \"bullet-snip.rkt\" \"browser\")\0"
0 0 25 #"(lib \"matrix.ss\" \"htdp\")\0"
1 0 22 #"drscheme:lambda-snip%\0"
1 0 29 #"drclickable-string-snipclass\0"
0 0 26 #"drracket:spacer-snipclass\0"
0 0 57
#"(lib \"hrule-snip.rkt\" \"macro-debugger\" \"syntax-browser\")\0"
1 0 26 #"drscheme:pict-value-snip%\0"
0 0 45 #"(lib \"image-snipr.ss\" \"slideshow\" \"private\")\0"
1 0 38 #"(lib \"pict-snipclass.ss\" \"slideshow\")\0"
2 0 55 #"(lib \"vertical-separator-snip.ss\" \"stepper\" \"private\")\0"
1 0 18 #"drscheme:xml-snip\0"
1 0 31 #"(lib \"xml-snipclass.ss\" \"xml\")\0"
1 0 21 #"drscheme:scheme-snip\0"
2 0 34 #"(lib \"scheme-snipclass.ss\" \"xml\")\0"
1 0 10 #"text-box%\0"
1 0 32 #"(lib \"text-snipclass.ss\" \"xml\")\0"
1 0 1 6 #"wxloc\0"
          0 0 57 0 1 #"\0"
0 75 1 #"\0"
0 12 90 -1 90 -1 3 -1 0 1 0 1 0 0 0 0 0 0 0 0 0 0 0 255 255 255 1 -1 0 9
#"Standard\0"
0 75 6 #"Menlo\0"
0 12 90 -1 90 -1 3 -1 0 1 0 1 0 0 0 0 0 0 0 0 0 0 0 255 255 255 1 -1 2 1
#"\0"
0 -1 1 #"\0"
1 0 -1 -1 -1 -1 -1 -1 0 0 0 0 0 0 1 1 1 1 1 1 0 0 0 0 0 0 -1 -1 2 24
#"framework:default-color\0"
0 -1 1 #"\0"
1 0 -1 -1 -1 -1 -1 -1 0 0 0 0 0 0 0 0 0 1 1 1 0 0 0 0 0 0 -1 -1 2 1
#"\0"
0 -1 1 #"\0"
1 0 -1 -1 -1 -1 -1 -1 0 0 0 0 0 0 0 0 0 1 1 1 150 0 150 0 0 0 -1 -1 2 15
#"text:ports out\0"
0 -1 1 #"\0"
1 0 -1 -1 -1 93 -1 -1 0 1 0 0 0 0 0 0 0 1 1 1 150 0 150 0 0 0 -1 -1 2 1
#"\0"
0 -1 1 #"\0"
1.0 0 -1 -1 93 -1 -1 -1 0 0 0 0 0 0 0 0 0 1.0 1.0 1.0 255 0 0 0 0 0 -1
-1 2 15 #"text:ports err\0"
0 -1 1 #"\0"
1 0 -1 -1 93 -1 -1 -1 0 1 0 0 0 0 0 0 0 1 1 1 255 0 0 0 0 0 -1 -1 2 1
#"\0"
0 -1 1 #"\0"
1 0 -1 -1 -1 -1 -1 -1 0 0 0 0 0 0 0 0 0 1 1 1 0 0 175 0 0 0 -1 -1 2 17
#"text:ports value\0"
0 -1 1 #"\0"
1 0 -1 -1 -1 93 -1 -1 0 1 0 0 0 0 0 0 0 1 1 1 0 0 175 0 0 0 -1 -1 2 1
#"\0"
0 -1 1 #"\0"
1.0 0 92 -1 -1 -1 -1 -1 0 0 0 0 0 0 0 0 0 1.0 1.0 1.0 34 139 34 0 0 0 -1
-1 2 27 #"Matching Parenthesis Style\0"
0 -1 1 #"\0"
1.0 0 92 -1 -1 -1 -1 -1 0 0 0 0 0 0 0 0 0 1.0 1.0 1.0 34 139 34 0 0 0 -1
-1 2 1 #"\0"
0 -1 1 #"\0"
1 0 -1 -1 -1 93 -1 -1 0 1 0 0 0 0 0 0 0 1 1 1 38 38 128 0 0 0 -1 -1 2 37
#"framework:syntax-color:scheme:symbol\0"
0 -1 1 #"\0"
1 0 -1 -1 -1 93 -1 -1 0 1 0 0 0 0 0 0 0 1 1 1 38 38 128 0 0 0 -1 -1 2 38
#"framework:syntax-color:scheme:keyword\0"
0 -1 1 #"\0"
1 0 -1 -1 -1 93 -1 -1 0 1 0 0 0 0 0 0 0 1 1 1 38 38 128 0 0 0 -1 -1 2 1
#"\0"
0 -1 1 #"\0"
1 0 -1 -1 -1 93 -1 -1 0 1 0 0 0 0 0 0 0 1 1 1 194 116 31 0 0 0 -1 -1 2
38 #"framework:syntax-color:scheme:comment\0"
0 -1 1 #"\0"
1 0 -1 -1 -1 93 -1 -1 0 1 0 0 0 0 0 0 0 1 1 1 194 116 31 0 0 0 -1 -1 2 1
#"\0"
0 -1 1 #"\0"
1 0 -1 -1 -1 93 -1 -1 0 1 0 0 0 0 0 0 0 1 1 1 41 128 38 0 0 0 -1 -1 2 37
#"framework:syntax-color:scheme:string\0"
0 -1 1 #"\0"
1 0 -1 -1 -1 93 -1 -1 0 1 0 0 0 0 0 0 0 1 1 1 41 128 38 0 0 0 -1 -1 2 35
#"framework:syntax-color:scheme:text\0"
0 -1 1 #"\0"
1 0 -1 -1 -1 93 -1 -1 0 1 0 0 0 0 0 0 0 1 1 1 41 128 38 0 0 0 -1 -1 2 39
#"framework:syntax-color:scheme:constant\0"
0 -1 1 #"\0"
1 0 -1 -1 -1 93 -1 -1 0 1 0 0 0 0 0 0 0 1 1 1 41 128 38 0 0 0 -1 -1 2 1
#"\0"
0 -1 1 #"\0"
1 0 -1 -1 -1 93 -1 -1 0 1 0 0 0 0 0 0 0 1 1 1 132 60 36 0 0 0 -1 -1 2 49
#"framework:syntax-color:scheme:hash-colon-keyword\0"
0 -1 1 #"\0"
1 0 -1 -1 -1 93 -1 -1 0 1 0 0 0 0 0 0 0 1 1 1 132 60 36 0 0 0 -1 -1 2 42
#"framework:syntax-color:scheme:parenthesis\0"
0 -1 1 #"\0"
1 0 -1 -1 -1 93 -1 -1 0 1 0 0 0 0 0 0 0 1 1 1 132 60 36 0 0 0 -1 -1 2 1
#"\0"
0 -1 1 #"\0"
1 0 -1 -1 -1 93 -1 -1 0 1 0 0 0 0 0 0 0 1 1 1 255 0 0 0 0 0 -1 -1 2 36
#"framework:syntax-color:scheme:error\0"
0 -1 1 #"\0"
1 0 -1 -1 -1 93 -1 -1 0 1 0 0 0 0 0 0 0 1 1 1 255 0 0 0 0 0 -1 -1 2 1
#"\0"
0 -1 1 #"\0"
1 0 -1 -1 -1 93 -1 -1 0 1 0 0 0 0 0 0 0 1 1 1 0 0 0 0 0 0 -1 -1 2 36
#"framework:syntax-color:scheme:other\0"
0 -1 1 #"\0"
1 0 -1 -1 -1 93 -1 -1 0 1 0 0 0 0 0 0 0 1 1 1 0 0 0 0 0 0 -1 -1 2 16
#"Misspelled Text\0"
0 -1 1 #"\0"
1 0 -1 -1 -1 -1 -1 -1 0 0 0 0 0 0 0 0 0 1 1 1 0 0 0 0 0 0 -1 -1 2 1
#"\0"
0 -1 1 #"\0"
1 0 -1 -1 -1 93 -1 -1 0 1 0 0 0 0 0 0 0 1 1 1 81 112 203 0 0 0 -1 -1 2
38 #"drracket:check-syntax:lexically-bound\0"
0 -1 1 #"\0"
1 0 -1 -1 -1 93 -1 -1 0 1 0 0 0 0 0 0 0 1 1 1 81 112 203 0 0 0 -1 -1 2 1
#"\0"
0 -1 1 #"\0"
1 0 -1 -1 -1 93 -1 -1 0 1 0 0 0 0 0 0 0 1 1 1 178 34 34 0 0 0 -1 -1 2 28
#"drracket:check-syntax:set!d\0"
0 -1 1 #"\0"
1 0 -1 -1 -1 93 -1 -1 0 1 0 0 0 0 0 0 0 1 1 1 178 34 34 0 0 0 -1 -1 2 37
#"drracket:check-syntax:unused-require\0"
0 -1 1 #"\0"
1 0 -1 -1 -1 93 -1 -1 0 1 0 0 0 0 0 0 0 1 1 1 255 0 0 0 0 0 -1 -1 2 36
#"drracket:check-syntax:free-variable\0"
0 -1 1 #"\0"
1 0 -1 -1 -1 93 -1 -1 0 1 0 0 0 0 0 0 0 1 1 1 255 0 0 0 0 0 -1 -1 2 1
#"\0"
0 -1 1 #"\0"
1 0 -1 -1 -1 93 -1 -1 0 1 0 0 0 0 0 0 0 1 1 1 68 0 203 0 0 0 -1 -1 2 31
#"drracket:check-syntax:imported\0"
0 -1 1 #"\0"
1 0 -1 -1 -1 93 -1 -1 0 1 0 0 0 0 0 0 0 1 1 1 68 0 203 0 0 0 -1 -1 2 47
#"drracket:check-syntax:my-obligation-style-pref\0"
0 -1 1 #"\0"
1 0 -1 -1 -1 93 -1 -1 0 1 0 0 0 0 0 0 0 1 1 1 178 34 34 0 0 0 -1 -1 2 1
#"\0"
0 -1 1 #"\0"
1 0 -1 -1 -1 93 -1 -1 0 1 0 0 0 0 0 0 0 1 1 1 0 116 0 0 0 0 -1 -1 2 50
#"drracket:check-syntax:their-obligation-style-pref\0"
0 -1 1 #"\0"
1 0 -1 -1 -1 93 -1 -1 0 1 0 0 0 0 0 0 0 1 1 1 0 116 0 0 0 0 -1 -1 2 48
#"drracket:check-syntax:unk-obligation-style-pref\0"
0 -1 1 #"\0"
1 0 -1 -1 -1 93 -1 -1 0 1 0 0 0 0 0 0 0 1 1 1 0 0 0 0 0 0 -1 -1 2 1
#"\0"
0 -1 1 #"\0"
1 0 -1 -1 -1 93 -1 -1 0 1 0 0 0 0 0 0 0 1 1 1 139 142 28 0 0 0 -1 -1 2
49 #"drracket:check-syntax:both-obligation-style-pref\0"
0 -1 1 #"\0"
1 0 -1 -1 -1 93 -1 -1 0 1 0 0 0 0 0 0 0 1 1 1 139 142 28 0 0 0 -1 -1 2
26 #"plt:htdp:test-coverage-on\0"
0 -1 1 #"\0"
1 0 -1 -1 -1 93 -1 -1 0 1 0 0 0 0 0 0 0 1 1 1 0 0 0 0 0 0 -1 -1 2 1
#"\0"
0 -1 1 #"\0"
1 0 -1 -1 -1 93 -1 -1 0 1 0 0 0 1 0 0 0 0 0 0 255 165 0 0 0 0 -1 -1 2 27
#"plt:htdp:test-coverage-off\0"
0 -1 1 #"\0"
1 0 -1 -1 -1 93 -1 -1 0 1 0 0 0 1 0 0 0 0 0 0 255 165 0 0 0 0 -1 -1 4 1
#"\0"
0 70 1 #"\0"
1.0 0 -1 -1 -1 -1 -1 -1 0 0 0 0 0 0 1.0 1.0 1.0 1.0 1.0 1.0 0 0 0 0 0 0
-1 -1 4 4 #"XML\0"
0 70 1 #"\0"
1.0 0 -1 -1 -1 -1 -1 -1 0 0 0 0 0 0 1.0 1.0 1.0 1.0 1.0 1.0 0 0 0 0 0 0
-1 -1 2 37 #"plt:module-language:test-coverage-on\0"
0 -1 1 #"\0"
1 0 -1 -1 -1 93 -1 -1 0 1 0 0 0 0 0 0 0 1 1 1 0 0 0 0 0 0 -1 -1 2 38
#"plt:module-language:test-coverage-off\0"
0 -1 1 #"\0"
1 0 -1 -1 -1 93 -1 -1 0 1 0 0 0 1 0 0 0 0 0 0 255 165 0 0 0 0 -1 -1 4 1
#"\0"
0 71 1 #"\0"
1.0 0 -1 -1 -1 -1 -1 -1 0 0 0 0 0 0 1.0 1.0 1.0 1.0 1.0 1.0 0 0 0 0 0 0
-1 -1 4 1 #"\0"
0 -1 1 #"\0"
1.0 0 -1 -1 -1 -1 -1 -1 1 0 0 0 0 0 0 0 0 1.0 1.0 1.0 0 0 255 0 0 0 -1
-1 4 1 #"\0"
0 71 1 #"\0"
1.0 0 -1 -1 -1 -1 -1 -1 1 0 0 0 0 0 0 0 0 1.0 1.0 1.0 0 0 255 0 0 0 -1
-1 4 1 #"\0"
0 71 1 #"\0"
1.0 0 -1 -1 -1 -1 -1 -1 0 0 0 0 0 0 0 0 0 1.0 1.0 1.0 0 100 0 0 0 0 -1
-1 0 1 #"\0"
0 -1 1 #"\0"
0 13 -1 -1 -1 -1 -1 -1 0 0 0 0 0 0 1.0 1.0 1.0 1.0 1.0 1.0 0 0 0 0 0 0
-1 -1 2 1 #"\0"
0 -1 1 #"\0"
0 13 -1 -1 -1 -1 -1 -1 0 0 0 0 0 0 1.0 1.0 1.0 1.0 1.0 1.0 0 0 0 0 0 0
-1 -1           0 953 0 24 29 1 #"\n"
0 0 28 3 12 #"#lang racket"
0 0 24 29 1 #"\n"
0 0 24 29 1 #"\n"
0 0 24 3 1 #"("
0 0 15 3 7 #"require"
0 0 24 3 1 #" "
0 0 14 3 11 #"racket/file"
0 0 24 3 1 #")"
0 0 24 29 1 #"\n"
0 0 24 3 1 #"("
0 0 15 3 7 #"require"
0 0 24 3 1 #" "
0 0 14 3 14 #"racket/include"
0 0 24 3 1 #")"
0 0 24 29 1 #"\n"
0 0 24 3 1 #"("
0 0 15 3 7 #"require"
0 0 24 3 1 #" "
0 0 14 3 11 #"racket/date"
0 0 24 3 1 #")"
0 1 24 65 1 #"\t"
0 0 24 29 1 #"\n"
0 0 17 3 2 #"#;"
0 0 24 3 1 #"("
0 0 15 3 7 #"require"
0 0 24 3 1 #" "
0 0 14 3 11 #"net/sendurl"
0 0 24 3 1 #")"
0 0 24 29 1 #"\n"
0 0 24 3 1 #"("
0 0 15 3 7 #"require"
0 0 24 3 1 #" "
0 0 14 3 14 #"racket/cmdline"
0 0 24 3 1 #")"
0 0 24 29 1 #"\n"
0 0 24 29 1 #"\n"
0 0 24 3 1 #"("
0 0 15 3 23 #"define-namespace-anchor"
0 0 24 3 1 #" "
0 0 14 3 1 #"a"
0 0 24 3 1 #")"
0 0 24 29 1 #"\n"
0 0 24 3 1 #"("
0 0 15 3 6 #"define"
0 0 24 3 1 #" "
0 0 14 3 2 #"ns"
0 0 24 3 2 #" ("
0 0 14 3 27 #"namespace-anchor->namespace"
0 0 24 3 1 #" "
0 0 14 3 1 #"a"
0 0 24 3 2 #"))"
0 0 24 29 1 #"\n"
0 0 24 3 1 #" "
0 0 24 29 1 #"\n"
0 0 24 3 1 #"("
0 0 15 3 6 #"define"
0 0 24 3 1 #" "
0 0 14 3 8 #"loglevel"
0 0 24 3 1 #" "
0 0 21 3 1 #"1"
0 0 24 3 1 #")"
0 0 24 29 1 #"\n"
0 0 24 3 1 #"("
0 0 15 3 6 #"define"
0 0 24 3 1 #" "
0 0 14 3 4 #"mode"
0 0 24 3 1 #" "
0 0 21 3 1 #"'"
0 0 14 3 3 #"new"
0 0 24 3 1 #")"
0 0 24 29 1 #"\n"
0 0 24 3 1 #"("
0 0 15 3 6 #"define"
0 0 24 3 1 #" "
0 0 14 3 3 #"ops"
0 0 24 3 1 #" "
0 0 21 3 1 #"'"
0 0 24 3 3 #"())"
0 0 24 29 1 #"\n"
0 0 24 3 1 #"("
0 0 15 3 6 #"define"
0 0 24 3 1 #" "
0 0 14 3 4 #"root"
0 0 24 3 1 #" "
0 0 21 3 2 #"#f"
0 0 24 3 1 #")"
0 0 24 29 1 #"\n"
0 0 24 29 1 #"\n"
0 0 24 3 1 #"("
0 0 15 3 6 #"define"
0 0 24 3 2 #" ("
0 0 14 3 13 #"evaluate-step"
0 0 24 3 1 #" "
0 0 14 3 4 #"step"
0 0 24 3 1 #")"
0 0 24 29 1 #"\n"
0 0 24 3 4 #"   ("
0 0 15 3 5 #"match"
0 0 24 3 1 #" "
0 0 14 3 4 #"step"
0 0 24 29 1 #"\n"
0 0 24 3 7 #"     [("
0 0 14 3 4 #"list"
0 0 24 3 1 #" "
0 0 21 3 1 #"'"
0 0 14 3 6 #"waffle"
0 0 24 3 2 #") "
0 0 17 3 33 #"; i.e., \"(waffle)\" (no arguments)"
0 0 24 29 1 #"\n"
0 0 24 3 7 #"      ("
0 0 14 3 6 #"waffle"
0 0 24 3 2 #")]"
0 0 24 29 1 #"\n"
0 0 24 3 6 #"     ["
0 0 14 3 4 #"else"
0 0 24 29 1 #"\n"
0 0 24 3 7 #"      ("
0 0 14 3 5 #"error"
0 0 24 3 2 #" ("
0 0 14 3 6 #"format"
0 0 24 3 1 #" "
0 0 19 3 33 #"\"How do I evaluate this step? ~a\""
0 0 24 3 1 #" "
0 0 14 3 4 #"step"
0 0 24 3 5 #"))]))"
0 0 24 29 1 #"\n"
0 0 24 29 1 #"\n"
0 0 24 3 1 #"("
0 0 15 3 6 #"define"
0 0 24 3 2 #" ("
0 0 14 3 3 #"get"
0 0 24 3 1 #" "
0 0 14 3 1 #"p"
0 0 24 3 1 #" "
0 0 14 3 1 #"l"
0 0 24 3 1 #")"
0 0 24 29 1 #"\n"
0 0 24 3 3 #"  ("
0 0 14 3 8 #"list-ref"
0 0 24 3 1 #" "
0 0 14 3 1 #"l"
0 0 24 3 1 #" "
0 0 14 3 1 #"p"
0 0 24 3 2 #"))"
0 0 24 29 1 #"\n"
0 0 24 29 1 #"\n"
0 0 24 3 1 #"("
0 0 15 3 6 #"define"
0 0 24 3 2 #" ("
0 0 14 3 3 #"cut"
0 0 24 3 1 #" "
0 0 14 3 3 #"str"
0 0 24 3 1 #" "
0 0 14 3 8 #"position"
0 0 24 3 1 #")"
0 0 24 29 1 #"\n"
0 0 24 3 3 #"  ("
0 0 14 3 9 #"substring"
0 0 24 3 1 #" "
0 0 14 3 3 #"str"
0 0 24 3 1 #" "
0 0 21 3 1 #"0"
0 0 24 3 1 #" "
0 0 14 3 8 #"position"
0 0 24 3 2 #"))"
0 0 24 29 1 #"\n"
0 0 24 29 1 #"\n"
0 0 24 3 1 #"("
0 0 15 3 6 #"define"
0 0 24 3 2 #" ("
0 0 14 3 8 #"printstr"
0 0 24 3 1 #" "
0 0 14 3 5 #"input"
0 0 24 3 1 #")"
0 0 24 29 1 #"\n"
0 0 24 3 3 #"  ("
0 0 14 3 9 #"displayln"
0 0 24 3 1 #" "
0 0 14 3 5 #"input"
0 0 24 3 2 #"))"
0 0 24 29 1 #"\n"
0 0 24 29 1 #"\n"
0 0 24 3 1 #"("
0 0 15 3 6 #"define"
0 0 24 3 2 #" ("
0 0 14 3 6 #"islist"
0 0 24 3 1 #" "
0 0 14 3 1 #"l"
0 0 24 3 1 #")"
0 0 24 29 1 #"\n"
0 0 24 3 3 #"  ("
0 0 14 3 5 #"list?"
0 0 24 3 1 #" "
0 0 14 3 1 #"l"
0 0 24 3 2 #"))"
0 0 24 29 1 #"\n"
0 0 24 29 1 #"\n"
0 0 24 3 1 #"("
0 0 15 3 6 #"define"
0 0 24 3 2 #" ("
0 0 14 3 8 #"isnumber"
0 0 24 3 1 #" "
0 0 14 3 1 #"i"
0 0 24 3 1 #")"
0 0 24 29 1 #"\n"
0 0 24 3 3 #"  ("
0 0 14 3 7 #"number?"
0 0 24 3 1 #" "
0 0 14 3 1 #"i"
0 0 24 3 2 #"))"
0 0 24 29 1 #"\n"
0 0 24 29 1 #"\n"
0 0 24 3 1 #"("
0 0 15 3 6 #"define"
0 0 24 3 2 #" ("
0 0 14 3 6 #"ispair"
0 0 24 3 1 #" "
0 0 14 3 1 #"p"
0 0 24 3 1 #")"
0 0 24 29 1 #"\n"
0 0 24 3 3 #"  ("
0 0 14 3 5 #"pair?"
0 0 24 3 1 #" "
0 0 14 3 1 #"p"
0 0 24 3 2 #"))"
0 0 24 29 1 #"\n"
0 0 24 29 1 #"\n"
0 0 24 3 1 #"("
0 0 15 3 6 #"define"
0 0 24 3 2 #" ("
0 0 14 3 5 #"first"
0 0 24 3 1 #" "
0 0 14 3 4 #"list"
0 0 24 3 1 #")"
0 0 24 29 1 #"\n"
0 0 24 3 3 #"  ("
0 0 14 3 3 #"car"
0 0 24 3 1 #" "
0 0 14 3 4 #"list"
0 0 24 3 2 #"))"
0 0 24 29 1 #"\n"
0 0 24 29 1 #"\n"
0 0 24 3 1 #"("
0 0 15 3 6 #"define"
0 0 24 3 2 #" ("
0 0 14 3 8 #"isstring"
0 0 24 3 1 #" "
0 0 14 3 1 #"v"
0 0 24 3 1 #")"
0 0 24 29 1 #"\n"
0 0 24 3 3 #"  ("
0 0 14 3 7 #"string?"
0 0 24 3 1 #" "
0 0 14 3 1 #"v"
0 0 24 3 2 #"))"
0 0 24 29 1 #"\n"
0 0 24 29 1 #"\n"
0 0 24 3 1 #"("
0 0 15 3 6 #"define"
0 0 24 3 2 #" ("
0 0 14 3 4 #"read"
0 0 24 3 1 #")"
0 0 24 29 1 #"\n"
0 0 24 3 3 #"  ("
0 0 14 3 9 #"read-line"
0 0 24 3 2 #" ("
0 0 14 3 18 #"current-input-port"
0 0 24 3 2 #") "
0 0 21 3 1 #"'"
0 0 14 3 3 #"any"
0 0 24 3 2 #"))"
0 0 24 29 1 #"\n"
0 0 24 29 1 #"\n"
0 0 24 3 1 #"("
0 0 15 3 6 #"define"
0 0 24 3 2 #" ("
0 0 14 3 4 #"rand"
0 0 24 3 1 #" "
0 0 14 3 1 #"n"
0 0 24 3 1 #")"
0 0 24 29 1 #"\n"
0 0 24 3 3 #"  ("
0 0 14 3 6 #"random"
0 0 24 3 1 #" "
0 0 14 3 1 #"n"
0 0 24 3 2 #"))"
0 0 24 29 1 #"\n"
0 0 24 29 1 #"\n"
0 0 24 3 1 #"("
0 0 15 3 6 #"define"
0 0 24 3 2 #" ("
0 0 14 3 3 #"add"
0 0 24 3 1 #" "
0 0 14 3 1 #"n"
0 0 24 3 1 #" "
0 0 28 3 1 #"."
0 0 24 3 1 #" "
0 0 14 3 2 #"n2"
0 0 24 3 1 #")"
0 0 24 29 1 #"\n"
0 0 24 3 3 #"  ("
0 0 14 3 1 #"+"
0 0 24 3 1 #" "
0 0 14 3 1 #"n"
0 0 24 3 2 #" ("
0 0 14 3 5 #"apply"
0 0 24 3 1 #" "
0 0 14 3 1 #"+"
0 0 24 3 1 #" "
0 0 14 3 2 #"n2"
0 0 24 3 3 #")))"
0 0 24 29 1 #"\n"
0 0 24 29 1 #"\n"
0 0 24 3 1 #"("
0 0 15 3 6 #"define"
0 0 24 3 2 #" ("
0 0 14 3 8 #"subtract"
0 0 24 3 1 #" "
0 0 14 3 1 #"n"
0 0 24 3 1 #" "
0 0 28 3 1 #"."
0 0 24 3 1 #" "
0 0 14 3 2 #"n2"
0 0 24 3 1 #")"
0 0 24 29 1 #"\n"
0 0 24 3 3 #"  ("
0 0 14 3 1 #"-"
0 0 24 3 1 #" "
0 0 14 3 1 #"n"
0 0 24 3 2 #" ("
0 0 14 3 5 #"apply"
0 0 24 3 1 #" "
0 0 14 3 1 #"+"
0 0 24 3 1 #" "
0 0 14 3 2 #"n2"
0 0 24 3 3 #")))"
0 0 24 29 1 #"\n"
0 0 24 29 1 #"\n"
0 0 24 3 1 #"("
0 0 15 3 6 #"define"
0 0 24 3 2 #" ("
0 0 14 3 8 #"multiply"
0 0 24 3 1 #" "
0 0 14 3 1 #"n"
0 0 24 3 1 #" "
0 0 28 3 1 #"."
0 0 24 3 1 #" "
0 0 14 3 2 #"n2"
0 0 24 3 1 #")"
0 0 24 29 1 #"\n"
0 0 24 3 3 #"  ("
0 0 14 3 1 #"*"
0 0 24 3 1 #" "
0 0 14 3 1 #"n"
0 0 24 3 2 #" ("
0 0 14 3 5 #"apply"
0 0 24 3 1 #" "
0 0 14 3 1 #"+"
0 0 24 3 1 #" "
0 0 14 3 2 #"n2"
0 0 24 3 3 #")))"
0 0 24 29 1 #"\n"
0 0 24 29 1 #"\n"
0 0 24 3 1 #"("
0 0 15 3 6 #"define"
0 0 24 3 2 #" ("
0 0 14 3 6 #"waffle"
0 0 24 3 1 #")"
0 0 24 29 1 #"\n"
0 0 24 3 3 #"  ("
0 0 14 3 7 #"display"
0 0 24 3 1 #" "
0 0 19 3 1 #"\""
0 0 19 29 1 #"\n"
0 0 19 3 10 #"          "
0 0 19 3 11 #"___________"
0 0 19 29 1 #"\n"
0 0 19 3 9 #"         "
0 0 19 3 13 #"|__|__|__|__|"
0 0 19 29 1 #"\n"
0 0 19 3 22 #"         |__|__|__|__|"
0 0 19 29 1 #"\n"
0 0 19 3 9 #"         "
0 0 19 3 13 #"|__|__|__|__|"
0 0 19 29 1 #"\n"
0 0 19 3 22 #"         |__|__|__|__|"
0 0 19 29 1 #"\n"
0 0 19 3 9 #"         "
0 0 19 3 13 #"|__|__|__|__|"
0 0 19 29 1 #"\n"
0 0 19 3 7 #"      \""
0 0 24 3 3 #")) "
0 0 24 29 1 #"\n"
0 0 24 29 1 #"\n"
0 0 24 3 1 #"("
0 0 15 3 6 #"define"
0 0 24 3 2 #" ("
0 0 14 3 8 #"is-empty"
0 0 24 3 1 #" "
0 0 14 3 4 #"list"
0 0 24 3 1 #")"
0 0 24 29 1 #"\n"
0 0 24 3 3 #"  ("
0 0 14 3 6 #"empty?"
0 0 24 3 1 #" "
0 0 14 3 4 #"list"
0 0 24 3 2 #"))"
0 0 24 29 1 #"\n"
0 0 24 29 1 #"\n"
0 0 24 3 1 #"("
0 0 15 3 6 #"define"
0 0 24 3 2 #" ("
0 0 14 3 10 #"show-ascii"
0 0 24 3 1 #" "
0 0 14 3 5 #"ascii"
0 0 24 3 1 #")"
0 0 24 29 1 #"\n"
0 0 24 3 3 #"  ("
0 0 14 3 7 #"display"
0 0 24 3 1 #" "
0 0 14 3 5 #"ascii"
0 0 24 3 2 #"))"
0 0 24 29 1 #"\n"
0 0 24 29 1 #"\n"
0 0 24 3 1 #"("
0 0 15 3 6 #"define"
0 0 24 3 2 #" ("
0 0 14 3 9 #"max-value"
0 0 24 3 1 #" "
0 0 14 3 4 #"list"
0 0 24 3 1 #")"
0 0 24 29 1 #"\n"
0 0 24 3 3 #"  ("
0 0 14 3 5 #"apply"
0 0 24 3 1 #" "
0 0 14 3 3 #"max"
0 0 24 3 1 #" "
0 0 14 3 4 #"list"
0 0 24 3 2 #"))"
0 0 24 29 1 #"\n"
0 0 24 29 1 #"\n"
0 0 24 3 1 #"("
0 0 15 3 6 #"define"
0 0 24 3 2 #" ("
0 0 14 3 4 #"conj"
0 0 24 3 1 #" "
0 0 14 3 1 #"s"
0 0 24 3 1 #" "
0 0 28 3 1 #"."
0 0 24 3 1 #" "
0 0 14 3 2 #"s2"
0 0 24 3 1 #")"
0 0 24 29 1 #"\n"
0 0 24 3 3 #"  ("
0 0 14 3 13 #"string-append"
0 0 24 3 1 #" "
0 0 14 3 1 #"s"
0 0 24 3 2 #" ("
0 0 14 3 11 #"string-join"
0 0 24 3 1 #" "
0 0 14 3 2 #"s2"
0 0 24 3 1 #" "
0 0 19 3 2 #"\"\""
0 0 24 3 3 #")))"
0 0 24 29 1 #"\n"
0 0 24 29 1 #"\n"
0 0 24 3 1 #"("
0 0 15 3 6 #"define"
0 0 24 3 2 #" ("
0 0 14 3 11 #"at-location"
0 0 24 3 1 #" "
0 0 14 3 1 #"n"
0 0 24 3 1 #" "
0 0 14 3 4 #"list"
0 0 24 3 1 #")"
0 0 24 29 1 #"\n"
0 0 24 3 3 #"  ("
0 0 14 3 8 #"list-ref"
0 0 24 3 1 #" "
0 0 14 3 4 #"list"
0 0 24 3 1 #" "
0 0 14 3 1 #"n"
0 0 24 3 2 #"))"
0 0 24 29 1 #"\n"
0 0 24 29 1 #"\n"
0 0 24 3 1 #"("
0 0 15 3 6 #"define"
0 0 24 3 2 #" ("
0 0 14 3 3 #"var"
0 0 24 3 1 #" "
0 0 14 3 4 #"name"
0 0 24 3 1 #" "
0 0 14 3 5 #"value"
0 0 24 3 1 #")"
0 0 24 29 1 #"\n"
0 0 24 3 6 #"      "
0 0 24 29 1 #"\n"
0 0 24 3 11 #"          ("
0 0 14 3 29 #"namespace-set-variable-value!"
0 0 24 3 2 #" ("
0 0 14 3 14 #"string->symbol"
0 0 24 3 1 #" "
0 0 14 3 4 #"name"
0 0 24 3 2 #") "
0 0 14 3 5 #"value"
0 0 24 3 2 #"))"
0 0 24 29 1 #"\n"
0 0 24 29 1 #"\n"
0 0 24 3 1 #"("
0 0 15 3 6 #"define"
0 0 24 3 2 #" ("
0 0 14 3 6 #"double"
0 0 24 3 1 #" "
0 0 14 3 1 #"n"
0 0 24 3 1 #")"
0 0 24 29 1 #"\n"
0 0 24 3 3 #"  ("
0 0 14 3 1 #"+"
0 0 24 3 1 #" "
0 0 14 3 1 #"n"
0 0 24 3 1 #" "
0 0 14 3 1 #"n"
0 0 24 3 2 #"))"
0 0 24 29 1 #"\n"
0 0 24 29 1 #"\n"
0 0 24 3 1 #"("
0 0 15 3 6 #"define"
0 0 24 3 2 #" ("
0 0 14 3 4 #"half"
0 0 24 3 1 #" "
0 0 14 3 1 #"n"
0 0 24 3 1 #")"
0 0 24 29 1 #"\n"
0 0 24 3 3 #"  ("
0 0 14 3 1 #"/"
0 0 24 3 1 #" "
0 0 14 3 1 #"n"
0 0 24 3 1 #" "
0 0 21 3 1 #"2"
0 0 24 3 2 #"))"
0 0 24 29 1 #"\n"
0 0 24 29 1 #"\n"
0 0 17 3 2 #"#;"
0 0 24 3 1 #"("
0 0 15 3 6 #"define"
0 0 24 3 2 #" ("
0 0 14 3 12 #"open-website"
0 0 24 3 1 #" "
0 0 14 3 3 #"str"
0 0 24 3 1 #")"
0 0 24 29 1 #"\n"
0 0 24 3 10 #"         ("
0 0 14 3 8 #"send-url"
0 0 24 3 1 #" "
0 0 14 3 3 #"str"
0 0 24 3 2 #"))"
0 0 24 29 1 #"\n"
0 0 24 29 1 #"\n"
0 0 24 3 1 #"("
0 0 15 3 6 #"define"
0 0 24 3 2 #" ("
0 0 14 3 7 #"quarter"
0 0 24 3 1 #" "
0 0 14 3 1 #"n"
0 0 24 3 1 #")"
0 0 24 29 1 #"\n"
0 0 24 3 3 #"  ("
0 0 14 3 1 #"/"
0 0 24 3 1 #" "
0 0 14 3 1 #"n"
0 0 24 3 1 #" "
0 0 21 3 1 #"4"
0 0 24 3 2 #"))"
0 0 24 29 1 #"\n"
0 0 24 29 1 #"\n"
0 0 24 3 1 #"("
0 0 15 3 6 #"define"
0 0 24 3 2 #" ("
0 0 14 3 10 #"str-length"
0 0 24 3 1 #" "
0 0 14 3 3 #"str"
0 0 24 3 1 #")"
0 0 24 29 1 #"\n"
0 0 24 3 3 #"  ("
0 0 14 3 13 #"string-length"
0 0 24 3 1 #" "
0 0 14 3 3 #"str"
0 0 24 3 2 #"))"
0 0 24 29 1 #"\n"
0 0 24 29 1 #"\n"
0 0 24 3 1 #"("
0 0 15 3 6 #"define"
0 0 24 3 2 #" ("
0 0 14 3 11 #"list-length"
0 0 24 3 1 #" "
0 0 14 3 3 #"lst"
0 0 24 3 2 #" ("
0 0 14 3 3 #"acc"
0 0 24 3 1 #" "
0 0 21 3 1 #"0"
0 0 24 3 3 #")) "
0 0 24 29 1 #"\n"
0 0 24 3 4 #"   ("
0 0 14 3 2 #"if"
0 0 24 3 2 #" ("
0 0 14 3 5 #"null?"
0 0 24 3 1 #" "
0 0 14 3 3 #"lst"
0 0 24 3 1 #")"
0 0 24 29 1 #"\n"
0 0 24 3 7 #"       "
0 0 14 3 3 #"acc"
0 0 24 29 1 #"\n"
0 0 24 3 8 #"       ("
0 0 14 3 11 #"list-length"
0 0 24 3 2 #" ("
0 0 14 3 3 #"cdr"
0 0 24 3 1 #" "
0 0 14 3 3 #"lst"
0 0 24 3 3 #") ("
0 0 14 3 1 #"+"
0 0 24 3 1 #" "
0 0 21 3 1 #"1"
0 0 24 3 1 #" "
0 0 14 3 3 #"acc"
0 0 24 3 4 #"))))"
0 0 24 29 1 #"\n"
0 0 24 29 1 #"\n"
0 0 24 3 1 #"("
0 0 15 3 6 #"define"
0 0 24 3 2 #" ("
0 0 14 3 6 #"divide"
0 0 24 3 1 #" "
0 0 14 3 1 #"n"
0 0 24 3 1 #" "
0 0 14 3 2 #"n2"
0 0 24 3 1 #")"
0 0 24 29 1 #"\n"
0 0 24 3 3 #"  ("
0 0 14 3 1 #"/"
0 0 24 3 1 #" "
0 0 14 3 1 #"n"
0 0 24 3 1 #" "
0 0 14 3 2 #"n2"
0 0 24 3 2 #"))"
0 0 24 29 1 #"\n"
0 0 24 29 1 #"\n"
0 0 24 3 1 #"("
0 0 15 3 6 #"define"
0 0 24 3 2 #" ("
0 0 14 3 4 #"flip"
0 0 24 3 1 #" "
0 0 14 3 4 #"list"
0 0 24 3 1 #")"
0 0 24 29 1 #"\n"
0 0 24 3 3 #"  ("
0 0 14 3 7 #"reverse"
0 0 24 3 1 #" "
0 0 14 3 4 #"list"
0 0 24 3 2 #"))"
0 0 24 29 1 #"\n"
0 0 24 29 1 #"\n"
0 0 24 3 1 #"("
0 0 15 3 6 #"define"
0 0 24 3 2 #" ("
0 0 14 3 7 #"combine"
0 0 24 3 1 #" "
0 0 28 3 1 #"."
0 0 24 3 1 #" "
0 0 14 3 1 #"f"
0 0 24 3 1 #")"
0 0 24 29 1 #"\n"
0 0 24 3 3 #"  ("
0 0 14 3 5 #"print"
0 0 24 3 2 #" ("
0 0 14 3 11 #"string-join"
0 0 24 3 2 #" ("
0 0 14 3 3 #"map"
0 0 24 3 1 #" "
0 0 14 3 14 #"symbol->string"
0 0 24 3 2 #" ("
0 0 14 3 4 #"cons"
0 0 24 3 1 #" "
0 0 14 3 1 #"f"
0 0 24 3 2 #") "
0 0 19 3 3 #"\" \""
0 0 24 3 4 #"))))"
0 0 24 29 1 #"\n"
0 0 24 3 2 #"  "
0 0 17 3 46 #";;(compose (filter (lambda (x) (pair? x)) f)))"
0 0 24 29 1 #"\n"
0 0 24 3 2 #"  "
0 0 24 29 1 #"\n"
0 0 24 3 1 #"("
0 0 15 3 6 #"define"
0 0 24 3 2 #" ("
0 0 14 3 2 #"fn"
0 0 24 3 1 #" "
0 0 14 3 4 #"name"
0 0 24 3 1 #" "
0 0 14 3 1 #"f"
0 0 24 3 1 #")"
0 0 24 29 1 #"\n"
0 0 24 3 3 #"  ("
0 0 14 3 29 #"namespace-set-variable-value!"
0 0 24 3 2 #" ("
0 0 14 3 14 #"string->symbol"
0 0 24 3 1 #" "
0 0 14 3 4 #"name"
0 0 24 3 2 #") "
0 0 14 3 1 #"f"
0 0 24 3 2 #"))"
0 0 24 29 1 #"\n"
0 0 24 29 1 #"\n"
0 0 24 3 1 #"("
0 0 15 3 6 #"define"
0 0 24 3 2 #" ("
0 0 14 3 6 #"square"
0 0 24 3 1 #" "
0 0 14 3 1 #"n"
0 0 24 3 1 #")"
0 0 24 29 1 #"\n"
0 0 24 3 3 #"  ("
0 0 14 3 1 #"*"
0 0 24 3 1 #" "
0 0 14 3 1 #"n"
0 0 24 3 1 #" "
0 0 14 3 1 #"n"
0 0 24 3 2 #"))"
0 0 24 29 1 #"\n"
0 0 24 29 1 #"\n"
0 0 24 3 1 #"("
0 0 15 3 6 #"define"
0 0 24 3 1 #" "
0 0 14 3 2 #"pi"
0 0 24 3 1 #" "
0 0 21 3 13 #"3.14159265359"
0 0 24 3 1 #")"
0 0 24 29 1 #"\n"
0 0 24 29 1 #"\n"
0 0 17 3 15 #"; command line "
0 0 24 29 1 #"\n"
0 0 24 29 1 #"\n"
0 0 24 3 1 #"("
0 0 14 3 12 #"command-line"
0 0 24 29 1 #"\n"
0 0 24 3 1 #" "
0 0 23 3 7 #"#:multi"
0 0 24 29 1 #"\n"
0 0 24 3 3 #" [("
0 0 19 3 4 #"\"-v\""
0 0 24 3 1 #" "
0 0 19 3 11 #"\"--verbose\""
0 0 24 3 5 #")    "
0 0 19 3 14 #"\"more verbose\""
0 0 24 3 7 #"      ("
0 0 14 3 4 #"set!"
0 0 24 3 1 #" "
0 0 14 3 8 #"loglevel"
0 0 24 3 2 #" ("
0 0 14 3 4 #"add1"
0 0 24 3 1 #" "
0 0 14 3 8 #"loglevel"
0 0 24 3 3 #"))]"
0 0 24 29 1 #"\n"
0 0 24 3 3 #" [("
0 0 19 3 4 #"\"-q\""
0 0 24 3 1 #" "
0 0 19 3 9 #"\"--quiet\""
0 0 24 3 7 #")      "
0 0 19 3 10 #"\"be quiet\""
0 0 24 3 11 #"          ("
0 0 14 3 4 #"set!"
0 0 24 3 1 #" "
0 0 14 3 8 #"loglevel"
0 0 24 3 1 #" "
0 0 21 3 1 #"0"
0 0 24 3 2 #")]"
0 0 24 29 1 #"\n"
0 0 24 3 1 #" "
0 0 23 3 10 #"#:once-any"
0 0 24 29 1 #"\n"
0 0 24 3 3 #" [("
0 0 19 3 4 #"\"-i\""
0 0 24 3 1 #" "
0 0 19 3 12 #"\"--in-place\""
0 0 24 3 4 #")   "
0 0 19 3 15 #"\"edit in-place\""
0 0 24 3 6 #"     ("
0 0 14 3 4 #"set!"
0 0 24 3 1 #" "
0 0 14 3 4 #"mode"
0 0 24 3 1 #" "
0 0 21 3 1 #"'"
0 0 14 3 8 #"in-place"
0 0 24 3 2 #")]"
0 0 24 29 1 #"\n"
0 0 24 3 3 #" [("
0 0 19 3 4 #"\"-c\""
0 0 24 3 1 #" "
0 0 19 3 14 #"\"--create-new\""
0 0 24 3 2 #") "
0 0 19 3 19 #"\"create a new file\""
0 0 24 3 2 #" ("
0 0 14 3 4 #"set!"
0 0 24 3 1 #" "
0 0 14 3 4 #"mode"
0 0 24 3 1 #" "
0 0 21 3 1 #"'"
0 0 14 3 3 #"new"
0 0 24 3 2 #")]"
0 0 24 29 1 #"\n"
0 0 24 3 3 #" [("
0 0 19 3 4 #"\"-n\""
0 0 24 3 1 #" "
0 0 19 3 11 #"\"--dry-run\""
0 0 24 3 5 #")    "
0 0 19 3 12 #"\"do nothing\""
0 0 24 3 9 #"        ("
0 0 14 3 4 #"set!"
0 0 24 3 1 #" "
0 0 14 3 4 #"mode"
0 0 24 3 1 #" "
0 0 21 3 2 #"#f"
0 0 24 3 2 #")]"
0 0 24 29 1 #"\n"
0 0 24 3 1 #" "
0 0 23 3 11 #"#:once-each"
0 0 24 29 1 #"\n"
0 0 24 3 3 #" [("
0 0 19 3 4 #"\"-d\""
0 0 24 3 1 #" "
0 0 19 3 13 #"\"--directory\""
0 0 24 3 2 #") "
0 0 14 3 3 #"dir"
0 0 24 3 1 #" "
0 0 19 3 27 #"\"work in a given directory\""
0 0 24 3 2 #" ("
0 0 14 3 4 #"set!"
0 0 24 3 1 #" "
0 0 14 3 4 #"root"
0 0 24 3 1 #" "
0 0 14 3 3 #"dir"
0 0 24 3 2 #")]"
0 0 24 29 1 #"\n"
0 0 24 3 1 #" "
0 0 23 3 13 #"#:help-labels"
0 0 24 3 1 #" "
0 0 19 3 24 #"\"operations to perform:\""
0 0 24 29 1 #"\n"
0 0 24 3 1 #" "
0 0 23 3 7 #"#:multi"
0 0 24 29 1 #"\n"
0 0 24 3 3 #" [("
0 0 19 3 4 #"\"+l\""
0 0 24 3 1 #" "
0 0 19 3 8 #"\"++line\""
0 0 24 3 2 #") "
0 0 19 3 12 #"\"add a line\""
0 0 24 3 5 #"    ("
0 0 14 3 4 #"set!"
0 0 24 3 1 #" "
0 0 14 3 3 #"ops"
0 0 24 3 1 #" "
0 0 21 3 1 #"`"
0 0 24 3 1 #"("
0 0 28 3 2 #",@"
0 0 14 3 3 #"ops"
0 0 24 3 1 #" "
0 0 19 3 5 #"\"add\""
0 0 24 3 3 #"))]"
0 0 24 29 1 #"\n"
0 0 24 3 3 #" [("
0 0 19 3 4 #"\"-l\""
0 0 24 3 1 #" "
0 0 19 3 8 #"\"--line\""
0 0 24 3 2 #") "
0 0 19 3 15 #"\"delete a line\""
0 0 24 3 2 #" ("
0 0 14 3 4 #"set!"
0 0 24 3 1 #" "
0 0 14 3 3 #"ops"
0 0 24 3 1 #" "
0 0 21 3 1 #"`"
0 0 24 3 1 #"("
0 0 28 3 2 #",@"
0 0 14 3 3 #"ops"
0 0 24 3 1 #" "
0 0 19 3 8 #"\"delete\""
0 0 24 3 3 #"))]"
0 0 24 29 1 #"\n"
0 0 24 3 3 #" [("
0 0 19 3 4 #"\"-e\""
0 0 24 3 1 #" "
0 0 19 3 8 #"\"--edit\""
0 0 24 3 2 #") "
0 0 19 3 13 #"\"edit a line\""
0 0 24 3 4 #"   ("
0 0 14 3 4 #"set!"
0 0 24 3 1 #" "
0 0 14 3 3 #"ops"
0 0 24 3 1 #" "
0 0 21 3 1 #"`"
0 0 24 3 1 #"("
0 0 28 3 2 #",@"
0 0 14 3 3 #"ops"
0 0 24 3 1 #" "
0 0 19 3 6 #"\"edit\""
0 0 24 3 3 #"))]"
0 0 24 29 1 #"\n"
0 0 24 3 1 #" "
0 0 23 3 6 #"#:args"
0 0 24 3 2 #" ("
0 0 14 3 4 #"file"
0 0 24 3 1 #")"
0 0 24 29 1 #"\n"
0 0 24 29 1 #"\n"
0 0 24 3 2 #" ("
0 0 15 3 6 #"define"
0 0 24 3 1 #" "
0 0 14 3 7 #"program"
0 0 24 3 2 #" ("
0 0 14 3 4 #"cons"
0 0 24 3 1 #" "
0 0 21 3 1 #"'"
0 0 15 3 5 #"begin"
0 0 24 3 2 #" ("
0 0 14 3 10 #"file->list"
0 0 24 3 1 #" "
0 0 14 3 4 #"file"
0 0 24 3 3 #")))"
0 0 24 29 1 #"\n"
0 0 24 29 1 #"\n"
0 0 24 3 2 #" ("
0 0 14 3 4 #"eval"
0 0 24 3 1 #" "
0 0 14 3 7 #"program"
0 0 24 3 1 #" "
0 0 14 3 2 #"ns"
0 0 24 3 2 #"))"
0 0 24 29 1 #"\n"
0 0 24 3 1 #" "
0 0 24 29 1 #"\n"
0 0 24 3 1 #" "
0 0 17 3 36 #";;(eval (read-syntax file) ns)) repl"
0 0 24 29 1 #"\n"
0 0 24 3 2 #"  "
0 0 24 29 1 #"\n"
0 0 24 3 1 #" "
0 0 17 3 36 #";;(evaluate-step (file->list file)))"
0 0 24 29 1 #"\n"
0 0 24 29 1 #"\n"
0           0
